0.006127595901489258 0
1.0096054077148438 0
2.0117902755737305 0
3.013442277908325 0
4.015516042709351 0
5.01825475692749 1
6.019771337509155 0
7.022134780883789 0
8.024582624435425 1
9.025676250457764 1
10.031209468841553 1
11.03474497795105 1
12.038402080535889 1
13.041172742843628 1
14.0433988571167 0
15.045044660568237 0
16.046671628952026 0
17.047226905822754 0
18.058979272842407 0
19.059393405914307 0
20.060397624969482 0
21.06649613380432 0
22.068307399749756 0
23.07379460334778 0
24.07619571685791 0
25.077714443206787 0
26.07937979698181 0
27.08322787284851 0
28.08847165107727 0
29.09378457069397 0
30.09835958480835 0
31.102149963378906 0
32.10336256027222 0
33.105915546417236 0
34.10770106315613 0
35.11119556427002 0
36.11232852935791 0
37.11569571495056 0
38.11768674850464 0
39.121378898620605 0
40.12494993209839 0
41.1261465549469 0
42.13018345832825 0
43.13308334350586 0
44.13361835479736 0
45.13516807556152 0
46.136056661605835 0
47.14162063598633 0
48.14745736122131 0
49.151599168777466 0
50.15348672866821 0
51.156463384628296 0
52.15945744514465 0
53.162184715270996 0
54.16371202468872 0
55.165337562561035 0
56.16662335395813 0
57.17306470870972 0
58.17571306228638 0
59.17853045463562 0
60.18140387535095 0
61.185328245162964 0
62.185688495635986 0
63.186686754226685 0
64.19072365760803 0
65.19154787063599 0
66.19365692138672 0
67.19620013237 0
68.20042490959167 0
69.20302820205688 0
70.20464992523193 0
71.20797967910767 0
72.210209608078 0
73.21141529083252 0
74.212806224823 0
75.21301817893982 0
76.21488380432129 0
77.21578121185303 0
78.21903610229492 0
79.22178506851196 0
80.22486162185669 0
81.22631883621216 0
82.22825956344604 0
83.23114395141602 0
84.23260998725891 0
85.2333254814148 0
86.23447275161743 0
87.23523950576782 0
88.23825478553772 0
89.24074268341064 0
90.24128937721252 0
91.24445009231567 0
92.24556875228882 0
93.2475368976593 0
94.24910378456116 0
95.25753045082092 0
96.26063847541809 0
97.26106810569763 0
98.2636206150055 0
99.26604294776917 0
100.26835775375366 0
101.273197889328 0
102.27526903152466 0
103.27779340744019 0
104.28050446510315 0
105.28217244148254 0
106.28370404243469 0
107.28557395935059 0
108.28806161880493 0
109.29197192192078 0
110.29405379295349 0
111.29620432853699 0
112.29776811599731 0
113.30019283294678 0
114.30263781547546 0
115.31710004806519 0
116.321617603302 0
117.32340216636658 0
118.33132910728455 0
119.33341789245605 0
120.3500018119812 0
121.35153436660767 0
122.35496211051941 0
123.36052393913269 0
124.36222386360168 0
125.36464309692383 0
126.36611700057983 0
127.36967945098877 0
128.37395024299622 0
129.3750147819519 0
130.3791754245758 0
131.3799331188202 0
132.38100051879883 0
133.38537001609802 0
134.3870005607605 0
135.39107584953308 0
136.39381527900696 0
137.3961625099182 0
138.39877128601074 0
139.39977169036865 0
140.4012575149536 0
141.40250253677368 0
142.40650939941406 0
143.41069221496582 0
144.41294407844543 0
145.41523718833923 0
146.41716289520264 0
147.41750311851501 0
148.41907930374146 0
149.4214358329773 0
150.42249727249146 0
151.42664861679077 0
152.42898631095886 0
153.43167090415955 0
154.43357825279236 0
155.43628406524658 0
156.43768525123596 0
157.4392523765564 0
158.4403510093689 0
159.44292759895325 0
160.44475102424622 0
161.44670605659485 0
162.4499225616455 0
163.45143795013428 0
164.45352482795715 0
165.4561767578125 0
166.45736289024353 0
167.45945262908936 0
168.46089601516724 0
169.46188592910767 0
170.4639823436737 0
171.4666347503662 0
172.4680368900299 0
173.46999216079712 0
174.4714457988739 0
175.4774353504181 0
176.48107075691223 0
177.48366045951843 0
178.4868984222412 0
179.48939204216003 0
180.49346899986267 0
181.4958791732788 0
182.49751234054565 0
183.50004959106445 0
184.5019772052765 0
185.50525784492493 2
186.5074815750122 0
187.5099856853485 2
188.51628160476685 0
189.51740527153015 0
190.51882457733154 0
191.52221202850342 1
192.5251841545105 0
193.5271861553192 0
194.52903699874878 1
195.5316562652588 0
196.53437542915344 0
197.53628420829773 1
198.54008746147156 1
199.54169368743896 0
200.55039238929749 1
201.55293774604797 0
202.5551998615265 1
203.55778241157532 0
204.5597529411316 0
205.563218832016 1
206.56584310531616 0
207.56964707374573 0
208.5732262134552 0
209.57427406311035 0
210.57712697982788 0
211.57950258255005 0
212.58229112625122 0
213.58393597602844 0
214.58703231811523 0
215.58889317512512 0
216.64193415641785 0
217.64330196380615 0
218.64953804016113 0
219.65199160575867 0
220.6553795337677 0
221.65969014167786 0
222.662855386734 0
223.66605186462402 0
224.66765022277832 0
225.66838908195496 0
226.67075061798096 0
227.67345452308655 0
228.67530822753906 0
229.67777132987976 0
230.67923855781555 0
231.68074131011963 0
232.68270897865295 0
233.68664169311523 0
234.69151735305786 0
235.70347547531128 0
236.70571088790894 0
237.70917773246765 0
238.71167612075806 0
239.7152488231659 0
240.7185275554657 0
241.71931171417236 0
242.7209210395813 0
243.72296833992004 0
244.72682809829712 0
245.7292718887329 0
246.7312741279602 0
247.7340214252472 0
248.73598980903625 0
249.7379629611969 0
250.74109840393066 0
251.74311304092407 0
252.74464511871338 0
253.7471992969513 0
254.74817752838135 0
255.74991750717163 0
256.7546637058258 0
257.7568049430847 0
258.75846767425537 0
259.76086950302124 0
260.76404666900635 0
261.7671630382538 0
262.7682683467865 0
263.7692804336548 0
264.7726078033447 0
265.77532386779785 0
266.77901124954224 0
267.7799115180969 0
268.7824172973633 0
269.7851758003235 0
270.7869248390198 0
271.79070353507996 0
272.7926735877991 0
273.7960364818573 0
274.805495262146 0
275.8082754611969 0
276.8131091594696 0
277.81492805480957 0
278.8160710334778 0
279.8164207935333 0
280.8181517124176 0
281.82132148742676 0
282.82432103157043 0
283.82709312438965 0
284.83074140548706 0
285.83229780197144 0
286.83479475975037 0
287.83620023727417 0
288.8391981124878 0
289.84010076522827 0
290.8412070274353 0
291.8432059288025 0
292.84541034698486 0
293.8478410243988 0
294.85119795799255 0
295.8643193244934 0
296.8660373687744 0
297.8680262565613 0
298.8702964782715 0
299.87359642982483 0
