0.0027887821197509766 0
1.0066757202148438 47
2.013448715209961 115
3.0252645015716553 187
4.03595232963562 253
5.0468339920043945 313
6.058162450790405 371
7.067338466644287 430
8.07606029510498 489
9.0891854763031 545
10.097651481628418 607
11.114837884902954 678
12.131308317184448 739
13.145439147949219 790
14.160338640213013 850
15.169863224029541 909
16.188594102859497 972
17.198693990707397 1039
18.222916841506958 1095
19.242407083511353 1160
20.27449631690979 1219
21.299514293670654 1273
22.32343101501465 1342
23.34666872024536 1411
24.379546880722046 1475
25.408403635025024 1540
26.4387366771698 1607
27.47734260559082 1671
28.50091814994812 1739
29.548086404800415 1803
30.574591875076294 1863
31.59221076965332 1928
32.622379302978516 1997
33.66445851325989 2051
34.70946383476257 2117
35.742191553115845 2181
36.78173208236694 2250
37.82274508476257 2319
38.86099433898926 2385
39.906065464019775 2454
40.945099115371704 2516
41.98166012763977 2579
43.02004432678223 2636
44.06658124923706 2705
45.12808394432068 2768
46.20230507850647 2820
47.249565839767456 2886
48.29719853401184 2945
49.34620547294617 3007
50.39948868751526 3074
51.460182666778564 3138
52.51431846618652 3208
53.5893771648407 3275
54.632615089416504 3336
55.686885833740234 3399
56.73540759086609 3469
57.810301542282104 3537
58.87455415725708 3602
59.94407892227173 3667
61.00099444389343 3689
62.07338619232178 3681
63.139580965042114 3671
64.2131826877594 3665
65.29439902305603 3664
66.36147618293762 3666
67.42527747154236 3663
68.49895095825195 3665
69.56901836395264 3661
70.63936495780945 3657
71.70834398269653 3652
72.77163076400757 3662
73.90775561332703 3661
75.02591753005981 3645
76.09191155433655 3635
77.15597987174988 3621
78.23387289047241 3626
79.32364010810852 3611
80.39832377433777 3612
81.47385025024414 3619
82.57484674453735 3614
83.66146612167358 3603
84.72874903678894 3601
85.8250789642334 3589
86.91268658638 3588
87.99143171310425 3584
89.07487392425537 3578
90.14468717575073 3581
91.21267199516296 3583
92.28107333183289 3569
93.33957934379578 3570
94.4107301235199 3572
95.6384813785553 3572
96.71580410003662 3554
97.80385041236877 3551
98.896324634552 3549
99.97432613372803 3547
101.04838132858276 3545
102.10445070266724 3546
103.17912340164185 3551
104.2664806842804 3539
105.38217568397522 3544
106.47740769386292 3548
107.58152937889099 3539
108.64021515846252 3547
109.74673104286194 3545
110.8300142288208 3539
111.90881776809692 3531
112.99193239212036 3517
114.05751776695251 3516
115.12502551078796 3509
116.20194983482361 3503
117.27710890769958 3495
118.33902931213379 3487
119.40809798240662 3475
120.4789662361145 3476
121.54730892181396 3474
122.63228511810303 3471
123.69738984107971 3470
124.77243542671204 3471
125.85035634040833 3472
126.92453455924988 3477
128.0019760131836 3476
129.07330656051636 3480
130.13926243782043 3482
131.23259568214417 3472
132.35964965820312 3465
133.44344758987427 3467
134.5263216495514 3487
135.59703063964844 3501
136.72775197029114 3507
137.82885837554932 3498
138.92759108543396 3508
139.9982352256775 3513
141.0847463607788 3517
142.15427350997925 3515
143.23064589500427 3521
144.28763365745544 3530
145.39921760559082 3529
146.4706392288208 3530
147.5534954071045 3537
148.63219499588013 3540
149.72417759895325 3539
150.78865098953247 3538
151.85459160804749 3529
152.92877054214478 3528
154.00806879997253 3531
155.07016015052795 3528
156.14399766921997 3531
157.21052074432373 3534
158.26497197151184 3538
159.32837200164795 3532
160.39538407325745 3533
161.4611325263977 3528
162.54700255393982 3523
163.60700273513794 3532
164.70916962623596 3535
165.88353037834167 3520
166.99317121505737 3509
168.06205821037292 3502
169.14832472801208 3491
170.21369624137878 3496
171.29057908058167 3497
172.3568868637085 3498
173.4232199192047 3493
174.48876881599426 3496
175.55106854438782 3496
176.63545870780945 3503
177.6912453174591 3510
178.76296710968018 3519
179.83591628074646 3522
180.9091420173645 3520
181.9741871356964 3522
183.03787875175476 3527
184.11652970314026 3524
185.1904649734497 3519
186.26941847801208 3519
187.34692978858948 3521
188.46365785598755 3519
189.57335686683655 3509
190.6748025417328 3503
191.76655101776123 3510
192.8347716331482 3516
193.90895819664001 3517
194.99947929382324 3511
196.0966830253601 3511
197.17017698287964 3514
198.2379014492035 3519
199.407146692276 3512
200.5020830631256 3508
201.6589720249176 3497
202.75294494628906 3489
203.8347315788269 3484
204.9034514427185 3480
205.96255445480347 3476
207.0396282672882 3474
208.1192648410797 3466
209.20805287361145 3463
210.28626918792725 3462
211.35507345199585 3462
212.43857383728027 3462
213.52864789962769 3461
214.61549425125122 3453
215.7454972267151 3445
216.8553376197815 3447
217.92578649520874 3445
219.01735877990723 3449
220.0850806236267 3446
221.19726395606995 3447
222.26808881759644 3445
223.36865639686584 3434
224.46596002578735 3413
225.54067158699036 3398
226.6078929901123 3417
227.70357394218445 3429
228.78295040130615 3435
229.8537998199463 3435
230.92504930496216 3435
232.0116057395935 3438
233.09685063362122 3445
234.19836711883545 3453
235.26499843597412 3469
236.32528281211853 3480
237.38635873794556 3485
238.45414900779724 3489
239.5208010673523 3496
240.58482384681702 3501
241.64957189559937 3509
242.71908473968506 3509
243.7889428138733 3513
244.85621786117554 3524
245.92489504814148 3527
246.99501395225525 3534
248.08193469047546 3539
249.1441833972931 3556
250.20849895477295 3568
251.28180074691772 3578
252.3640341758728 3585
253.44947004318237 3578
254.51894783973694 3582
255.59687876701355 3594
256.66727685928345 3604
257.75648403167725 3611
258.83434224128723 3622
259.9166159629822 3639
260.99647974967957 3649
262.1188790798187 3660
263.19566917419434 3659
264.2629783153534 3672
265.33319640159607 3685
266.41700053215027 3692
267.4838809967041 3701
268.5570285320282 3713
269.6235032081604 3730
270.7142581939697 3743
271.7894058227539 3751
272.87801218032837 3759
273.95194005966187 3771
275.02326917648315 3791
276.11329984664917 3798
277.205037355423 3809
278.29345989227295 3815
279.3859508037567 3827
280.4705882072449 3819
281.54817056655884 3831
282.6462948322296 3843
283.7442739009857 3863
284.81665110588074 3878
285.8994219303131 3895
286.9711706638336 3904
288.06151819229126 3913
289.14377427101135 3924
290.2268707752228 3925
291.29832100868225 3937
292.38564801216125 3939
293.4624629020691 3949
294.5350661277771 3952
295.60504388809204 3942
296.71104431152344 3941
297.81034803390503 3941
298.9201397895813 3938
300.0637950897217 3940
