0.004542112350463867 0
1.0059776306152344 0
2.0109407901763916 0
3.0150132179260254 0
4.016980171203613 0
5.0185582637786865 0
6.019668817520142 0
7.022845268249512 0
8.026245594024658 0
9.027680158615112 1
10.031189441680908 1
11.03493595123291 2
12.036685466766357 3
13.04283356666565 2
14.050814867019653 2
15.054672479629517 2
16.059002161026 2
17.07079553604126 2
18.075210332870483 2
19.0789053440094 2
20.08275079727173 2
21.087350845336914 1
22.090129613876343 1
23.093106985092163 1
24.099072694778442 1
25.102803945541382 1
26.11476969718933 1
27.116899251937866 1
28.12297296524048 1
29.127386331558228 1
30.130939245224 1
31.134637117385864 1
32.14002203941345 1
33.15279459953308 1
34.159759521484375 1
35.162965536117554 1
36.17138886451721 1
37.174903869628906 1
38.178664445877075 1
39.184239864349365 2
40.187302112579346 2
41.190929889678955 1
42.19262075424194 0
43.19472694396973 0
44.19915175437927 1
45.20287847518921 2
46.2075035572052 2
47.21830987930298 3
48.226808071136475 3
49.22844624519348 3
50.231080770492554 3
51.23540163040161 3
52.243114709854126 3
53.24704337120056 3
54.24977350234985 3
55.253406286239624 3
56.254894733428955 3
57.26175045967102 4
58.269349098205566 4
59.28797650337219 4
60.290833711624146 5
61.2950325012207 5
62.29760479927063 6
63.30291247367859 6
64.30500936508179 6
65.31100988388062 6
66.31707835197449 6
67.32787275314331 6
68.33133220672607 6
69.33294343948364 7
70.33508515357971 7
71.33888721466064 8
72.34201550483704 9
73.34725046157837 9
74.35089683532715 8
75.35941195487976 9
76.36740612983704 9
77.37614345550537 10
78.37915682792664 10
79.38188076019287 10
80.39123916625977 9
81.39932799339294 9
82.40783429145813 9
83.409921169281 9
84.41191816329956 8
85.41909122467041 9
86.42100429534912 9
87.42780470848083 9
88.43020725250244 9
89.43922519683838 9
90.44335746765137 10
91.44741916656494 9
92.45140600204468 9
93.45571064949036 9
94.45862197875977 9
95.4634006023407 8
96.46946668624878 8
97.4719979763031 8
98.48051261901855 8
99.4923722743988 8
100.50391173362732 8
101.53110957145691 8
102.53508400917053 8
103.53912544250488 8
104.54285430908203 8
105.551096200943 9
106.55288028717041 9
107.55522036552429 9
108.55735778808594 8
109.56752276420593 8
110.57168817520142 8
111.5790810585022 8
112.58547806739807 8
113.59133791923523 8
114.5951886177063 8
115.60041213035583 9
116.60714936256409 10
117.61228346824646 10
118.6191840171814 9
119.62316513061523 9
120.62806701660156 10
121.62967801094055 10
122.63643503189087 10
123.63921618461609 10
124.64755201339722 11
125.65145993232727 11
126.65379810333252 11
127.65657687187195 10
128.67006254196167 10
129.67895889282227 10
130.68128943443298 10
131.68864965438843 9
132.6948926448822 9
133.70316410064697 9
134.71131134033203 9
135.71336936950684 9
136.7209632396698 8
137.7256898880005 9
138.73127555847168 9
139.73528718948364 9
140.74305033683777 9
141.74483609199524 9
142.7490828037262 9
143.7513337135315 10
144.75656747817993 10
145.76230359077454 10
146.76351118087769 10
147.76886510849 11
148.77038073539734 11
149.77550387382507 11
150.77959203720093 11
151.78325176239014 11
152.7888560295105 11
153.79940342903137 11
154.8112437725067 12
155.8153440952301 12
156.82249355316162 11
157.82665395736694 11
158.83302474021912 11
159.83916068077087 10
160.86417841911316 10
161.86765599250793 10
162.8756866455078 11
163.87976455688477 11
164.8832128047943 11
165.88717079162598 11
166.89502477645874 10
167.90679049491882 9
168.915461063385 9
169.91849875450134 9
170.92254185676575 8
171.92944312095642 8
172.9316921234131 6
173.934889793396 7
174.93830466270447 5
175.9511580467224 5
176.9549880027771 4
177.9599530696869 4
178.96883034706116 4
179.98248934745789 4
180.99749755859375 4
182.00331449508667 4
183.01139283180237 4
184.01517844200134 4
185.01909017562866 4
186.02290987968445 4
187.02798008918762 5
188.03125739097595 5
189.03519535064697 6
190.03922533988953 6
191.0438015460968 6
192.04698061943054 6
193.05771780014038 6
194.06101083755493 6
195.06294918060303 6
196.0687165260315 7
197.0733790397644 7
198.08290481567383 7
199.0864541530609 8
200.09490156173706 8
201.09930157661438 8
202.10438418388367 8
203.1124234199524 8
204.11875462532043 9
205.12168765068054 9
206.1387357711792 8
207.1462743282318 8
208.1551558971405 9
209.16314911842346 8
210.16535806655884 8
211.16901564598083 8
212.17496371269226 9
213.17925572395325 8
214.1870629787445 8
215.1973123550415 9
216.2106897830963 9
217.21498680114746 9
218.22227573394775 9
219.22396039962769 6
220.2271602153778 5
221.2312684059143 5
222.23483633995056 5
223.23933100700378 4
224.24295234680176 3
225.26938915252686 3
226.27320098876953 4
227.27911686897278 4
228.28105878829956 4
229.2872929573059 4
230.2934250831604 4
231.29871249198914 4
232.3069748878479 4
233.34452486038208 5
234.34526920318604 5
235.35121822357178 5
236.35510206222534 4
237.35710883140564 5
238.36325216293335 5
239.37103509902954 5
240.38268327713013 5
241.38617324829102 5
242.3881335258484 5
243.39154028892517 5
244.39830946922302 6
245.40761303901672 7
246.41107654571533 7
247.41946053504944 6
248.42697834968567 6
249.4311981201172 6
250.4429693222046 6
251.45114374160767 6
252.45367240905762 6
253.45597314834595 6
254.45890426635742 6
255.46305060386658 6
256.4711871147156 6
257.4768052101135 6
258.49262261390686 6
259.49911975860596 6
260.50318241119385 6
261.5073790550232 6
262.5160758495331 6
263.52969002723694 6
264.53595423698425 6
265.54355812072754 6
266.5521445274353 6
267.5565345287323 6
268.56551218032837 6
269.56733417510986 5
270.588182926178 5
271.5908393859863 6
272.59361028671265 6
273.59958052635193 6
274.6015396118164 6
275.6071767807007 6
276.6114020347595 6
277.6190483570099 7
278.62348771095276 6
279.62556290626526 7
280.6293218135834 8
281.6321642398834 7
282.63491654396057 6
283.6473214626312 6
284.6518397331238 6
285.65651082992554 6
286.81482553482056 6
287.8192479610443 6
288.82204604148865 6
289.8235321044922 6
290.8260226249695 6
291.830246925354 5
292.83455204963684 5
293.83896231651306 5
294.8420948982239 5
295.8509633541107 5
296.85573649406433 5
297.86322689056396 5
298.87121653556824 5
299.8786189556122 5
