0.01666092872619629 0
1.0193867683410645 5
2.0220987796783447 15
3.0247464179992676 25
4.028953313827515 35
5.033078193664551 45
6.034968852996826 55
7.041572332382202 65
8.05156946182251 75
9.055097579956055 85
10.059719800949097 95
11.064650774002075 104
12.068914413452148 114
13.071935892105103 124
14.074504375457764 134
15.076481103897095 144
16.078213214874268 154
17.079810619354248 164
18.080860376358032 174
19.081799268722534 184
20.08516526222229 194
21.088884592056274 204
22.09264302253723 214
23.09515643119812 224
24.10040855407715 234
25.106922388076782 244
26.113128900527954 254
27.1188223361969 264
28.125874519348145 274
29.12801766395569 284
30.13033175468445 293
31.13361644744873 303
32.13681960105896 313
33.13981294631958 323
34.14463186264038 333
35.15002965927124 343
36.152589082717896 353
37.15459203720093 363
38.156484603881836 373
39.15849995613098 383
40.16456413269043 393
41.17000102996826 403
42.17341089248657 413
43.17607879638672 423
44.18182373046875 433
45.184053897857666 443
46.18827486038208 453
47.19196605682373 463
48.19766926765442 473
49.201685428619385 483
50.20540380477905 493
51.213234663009644 503
52.219698429107666 513
53.2271831035614 523
54.23261094093323 533
55.23886680603027 543
56.24579644203186 553
57.24919867515564 563
58.255385637283325 573
59.261913537979126 583
60.269004344940186 593
61.27701497077942 596
62.28390383720398 596
63.291401386260986 596
64.29957795143127 596
65.44026613235474 594
66.44769287109375 595
67.45533442497253 595
68.46318793296814 595
69.46983861923218 595
70.47927904129028 595
71.48365235328674 595
72.49636268615723 595
73.50445747375488 595
74.51229977607727 595
75.51995658874512 595
76.52672100067139 595
77.53189063072205 595
78.53618502616882 595
79.54427242279053 595
80.54848647117615 595
81.55222296714783 595
82.57143044471741 595
83.57948732376099 596
84.58562469482422 596
85.5937569141388 596
86.60197305679321 596
87.6091935634613 596
88.61435532569885 596
89.62110185623169 596
90.6259708404541 596
91.63060927391052 596
92.64627361297607 596
93.65401124954224 596
94.66207695007324 596
95.67040777206421 595
96.67817330360413 596
97.68748807907104 596
98.69595289230347 596
99.70233058929443 596
100.70772314071655 596
101.71489024162292 596
102.72242712974548 596
103.73209619522095 595
104.74865579605103 595
105.75474095344543 596
106.76205587387085 595
107.77108764648438 596
108.77865147590637 595
109.78537464141846 595
110.79178023338318 595
111.79927968978882 596
112.80520272254944 596
113.82288146018982 595
114.83192920684814 595
115.84049701690674 595
116.84678936004639 595
117.85436034202576 595
118.8656837940216 595
119.87295794487 595
120.8797607421875 595
121.88690829277039 595
122.895263671875 595
123.90429878234863 596
124.91419243812561 595
125.91830372810364 596
126.92702507972717 595
127.93602538108826 595
128.94216322898865 595
129.9494321346283 595
130.95649003982544 595
131.96276998519897 595
132.96835923194885 595
133.97633576393127 595
134.98307180404663 595
135.99060487747192 596
136.9942638874054 596
138.00071907043457 595
139.00811624526978 596
140.01532793045044 596
141.02137231826782 596
142.05197668075562 595
143.0581750869751 595
144.06423950195312 595
145.07174015045166 595
146.07856822013855 596
147.08358192443848 595
148.09056401252747 596
149.22648072242737 593
150.24421763420105 595
151.26065683364868 595
152.26555275917053 594
153.279132604599 595
154.29147624969482 595
155.29841017723083 595
156.31000113487244 595
157.31626272201538 595
158.32300329208374 595
159.34004092216492 595
160.3468005657196 595
161.3549861907959 595
162.36046504974365 595
163.36794090270996 595
164.38110518455505 595
165.3868179321289 595
166.39362716674805 595
167.40013790130615 595
168.40517854690552 595
169.41676211357117 595
170.42205142974854 595
171.4281644821167 595
172.4347789287567 595
173.44053864479065 595
174.45090246200562 595
175.4542942047119 595
176.4581286907196 595
177.4674322605133 595
178.49036502838135 595
179.49837946891785 595
180.50728964805603 595
181.51544332504272 595
182.52294039726257 595
183.53148460388184 595
184.536940574646 595
185.54155254364014 595
186.5464596748352 595
187.55290389060974 595
188.55609035491943 595
189.5634036064148 595
190.56808733940125 595
191.5795874595642 595
192.58781552314758 595
193.5938596725464 595
194.60102224349976 595
195.60774564743042 595
197.0778193473816 586
198.08193254470825 586
199.08989882469177 586
200.09930729866028 587
201.1158893108368 587
202.12137269973755 587
203.13350200653076 586
204.13960313796997 586
205.146235704422 586
206.15218687057495 587
207.1664843559265 586
208.18094420433044 586
209.18527150154114 588
210.1922962665558 587
211.20837330818176 587
212.21567487716675 587
213.2231204509735 587
214.23059964179993 587
215.25070810317993 587
216.25606727600098 587
217.26988220214844 587
218.28009343147278 587
219.2950325012207 588
220.30341577529907 587
221.31191539764404 588
222.32148146629333 587
223.32854413986206 588
224.3463909626007 589
225.35439157485962 587
226.3594696521759 587
227.37745809555054 587
228.38534331321716 586
229.40306067466736 588
230.41060853004456 586
231.43071293830872 587
232.4407444000244 586
233.46647548675537 587
234.47831463813782 587
235.4838662147522 587
236.49302530288696 587
237.50384736061096 587
238.51035022735596 587
239.5181233882904 587
240.5263476371765 587
241.5349247455597 587
242.5440559387207 587
243.55040335655212 587
244.55675148963928 586
245.56902813911438 586
246.58514428138733 587
247.59177207946777 586
248.596116065979 587
249.59884572029114 586
250.60521745681763 586
251.60829377174377 586
252.61735248565674 586
253.62595391273499 590
254.633873462677 590
255.64094233512878 591
256.6475019454956 596
257.656236410141 599
258.6630229949951 595
259.66883182525635 594
260.686487197876 597
261.69126534461975 594
262.6972727775574 594
263.70504093170166 595
264.711749792099 595
265.71514773368835 595
266.7229619026184 595
267.7274978160858 595
268.73307490348816 595
269.7389657497406 595
270.7420709133148 595
271.7517280578613 595
272.75917387008667 595
273.7738108634949 595
274.7810025215149 595
275.78890228271484 595
276.7968575954437 595
277.8011074066162 595
278.8047471046448 595
279.8081638813019 595
280.8181822299957 596
281.8257281780243 595
282.83329367637634 595
283.83768820762634 595
284.84084963798523 595
285.8476746082306 595
286.8524959087372 595
287.85967564582825 595
288.86294889450073 595
289.87134885787964 595
290.8790216445923 595
291.8850779533386 595
292.89162516593933 595
293.9165713787079 595
294.92365288734436 595
295.94481325149536 595
296.9520547389984 595
297.9766719341278 595
298.9801857471466 595
299.98855113983154 596
