0.01683640480041504 0
1.0180199146270752 0
2.030045986175537 0
3.041558265686035 0
4.046227693557739 0
5.048842191696167 0
6.060803651809692 0
7.093019723892212 0
8.095560312271118 0
9.09749174118042 0
10.100385189056396 0
11.113006830215454 0
12.121696710586548 0
13.131438732147217 0
14.133516788482666 2
15.134486198425293 2
16.13793706893921 2
17.139482021331787 0
18.15298628807068 1
19.17243528366089 2
20.178632974624634 2
21.1807804107666 2
22.1838481426239 1
23.189934730529785 1
24.203386068344116 2
25.205004692077637 2
26.210020065307617 2
27.21143126487732 1
28.217158555984497 1
29.220999717712402 2
30.223690271377563 3
31.24272871017456 3
32.24584674835205 3
33.24967622756958 1
34.2614312171936 1
35.262274980545044 1
36.264654874801636 2
37.26796865463257 2
38.26983952522278 3
39.2793083190918 4
40.281230211257935 5
41.28857660293579 7
42.29251670837402 7
43.296597719192505 6
44.298431158065796 5
45.3192343711853 6
46.32874035835266 8
47.329936265945435 8
48.333630084991455 9
49.3488347530365 8
50.35838007926941 8
51.36060190200806 9
52.369603395462036 10
53.380688190460205 11
54.39731574058533 10
55.402167081832886 10
56.40867352485657 9
57.413323640823364 9
58.41606831550598 10
59.4199538230896 10
60.43049430847168 11
61.44025182723999 9
62.444849729537964 11
63.446837425231934 10
64.45785403251648 11
65.46159958839417 12
66.46597623825073 12
67.46859216690063 12
68.47763657569885 11
69.48896336555481 13
70.49333834648132 14
71.49655985832214 13
72.50874972343445 11
73.51754236221313 10
74.51999020576477 11
75.52609992027283 11
76.53783679008484 13
77.53988528251648 12
78.54673910140991 10
79.55816912651062 9
80.56097340583801 9
81.56565141677856 10
82.56851863861084 10
83.57693433761597 11
84.58901572227478 10
85.59248423576355 8
86.59960436820984 8
87.60839509963989 10
88.61650109291077 10
89.63704061508179 11
90.64996266365051 9
91.65450096130371 9
92.6562294960022 10
93.65877485275269 13
94.66960883140564 12
95.67203903198242 12
96.67752981185913 11
97.67907094955444 9
98.69837021827698 9
99.71179962158203 9
100.7139413356781 9
101.71801424026489 10
102.72175526618958 11
103.72889256477356 11
104.7368597984314 11
105.74968194961548 10
106.75578880310059 11
107.76856303215027 13
108.77783203125 13
109.78106427192688 10
110.78486323356628 12
111.79024124145508 13
112.7989547252655 12
113.80224680900574 12
114.8054428100586 12
115.80991554260254 12
116.81429839134216 11
117.81815552711487 11
118.82083082199097 11
119.82613587379456 10
120.82773184776306 10
121.82892680168152 9
122.83760952949524 9
123.84475541114807 8
124.85491895675659 10
125.85706090927124 10
126.85934591293335 11
127.86176443099976 11
128.86414170265198 11
129.87649774551392 11
130.87795615196228 13
131.8871603012085 13
132.89415621757507 12
133.90871500968933 13
134.9147346019745 12
135.9171485900879 13
136.92090249061584 13
137.92449069023132 13
138.94560885429382 14
139.9465034008026 14
140.94705629348755 14
141.95011973381042 15
142.9539031982422 15
143.9546196460724 13
144.9627547264099 14
145.96522521972656 15
146.97437644004822 17
147.97868013381958 18
148.99660730361938 19
150.0030162334442 17
151.00548911094666 18
152.00847244262695 16
153.0126667022705 16
154.0226719379425 17
155.04391360282898 18
156.0460376739502 18
157.04773044586182 18
158.0495433807373 15
159.05257630348206 15
160.05382633209229 15
161.06418466567993 17
162.06827354431152 18
163.08516335487366 18
164.09498572349548 15
165.10316848754883 14
166.10622024536133 13
167.1072690486908 12
168.1087851524353 12
169.1245265007019 12
170.13426780700684 12
171.15623593330383 11
172.1656424999237 11
173.16856002807617 10
174.17281889915466 9
175.18495655059814 9
176.18691754341125 11
177.1908824443817 10
178.1925663948059 10
179.1956648826599 8
180.19791984558105 9
181.2129249572754 10
182.2167353630066 9
183.22433614730835 10
184.22641277313232 9
185.23530769348145 10
186.2430875301361 9
187.2456407546997 11
188.24932146072388 11
189.26210713386536 11
190.27418780326843 10
191.29279804229736 9
192.2957592010498 8
193.30292677879333 9
194.30419731140137 9
195.305344581604 9
196.31390070915222 8
197.31571173667908 7
198.3259255886078 8
199.32999324798584 8
200.34390115737915 9
201.3524067401886 8
202.3539056777954 8
203.3624153137207 9
204.36337971687317 9
205.37064337730408 9
206.3725905418396 9
207.3848237991333 11
208.3988242149353 11
209.40097332000732 10
210.40302324295044 10
211.4107654094696 11
212.42287492752075 11
213.42611169815063 10
214.43051028251648 9
215.43345165252686 8
216.43519568443298 7
217.43737697601318 7
218.4413547515869 8
219.44496893882751 8
220.44859910011292 7
221.46103429794312 7
222.46327805519104 8
223.47041392326355 7
224.48148345947266 8
225.4897940158844 7
226.49198937416077 7
227.50174522399902 9
228.51081037521362 9
229.51305413246155 9
230.520357131958 10
231.52159667015076 10
232.52873587608337 10
233.53077864646912 9
234.53763008117676 10
235.54984664916992 8
236.5512409210205 9
237.558039188385 9
238.56251406669617 9
239.56929683685303 10
240.58090829849243 10
241.58208990097046 9
242.60064888000488 10
243.60469222068787 10
244.61911296844482 10
245.62436962127686 11
246.63023781776428 10
247.6874134540558 10
248.704909324646 11
249.71450209617615 12
250.72541284561157 13
251.73399209976196 16
252.73887538909912 16
253.7552170753479 16
254.76812434196472 16
255.774316072464 15
256.77889108657837 16
257.7811267375946 17
258.78494334220886 18
259.80534625053406 18
260.8173031806946 18
261.8218250274658 16
262.83611845970154 15
263.8466110229492 16
264.85766768455505 17
265.86017775535583 18
266.86590695381165 18
267.8746576309204 18
268.87686562538147 19
269.8786380290985 19
270.88535594940186 20
271.8900845050812 20
272.89587235450745 19
273.906289100647 20
274.9181385040283 21
275.92741227149963 20
276.9342370033264 21
277.94479393959045 21
278.9566397666931 21
279.97762799263 19
280.9795618057251 18
281.9853343963623 17
282.9865765571594 17
283.99716353416443 17
284.99862480163574 18
286.0028579235077 18
287.01753401756287 17
288.0250310897827 16
289.02847719192505 17
290.0371341705322 18
291.04642248153687 18
292.0577356815338 17
293.06891894340515 15
294.0708873271942 15
295.0770010948181 15
296.0821318626404 16
297.0863411426544 16
298.09768629074097 16
299.10900712013245 16
