0.004714012145996094 0
1.0088651180267334 53
2.0127508640289307 114
3.016486167907715 173
4.027756690979004 227
5.0398924350738525 291
6.0508036613464355 356
7.059632062911987 416
8.081227540969849 481
9.090172290802002 543
10.102276802062988 607
11.125537872314453 668
12.145783424377441 725
13.15319013595581 779
14.161803483963013 843
15.175468683242798 905
16.185927391052246 966
17.199917793273926 1027
18.21483612060547 1087
19.227633714675903 1148
20.24558997154236 1205
21.25683879852295 1258
22.26575493812561 1315
23.299299955368042 1376
24.31859588623047 1434
25.34125280380249 1494
26.3592746257782 1553
27.390039920806885 1614
28.414376735687256 1678
29.457013368606567 1738
30.476208686828613 1797
31.494979858398438 1855
32.53383016586304 1914
33.56217122077942 1974
34.59011149406433 2032
35.61490535736084 2089
36.6314377784729 2147
37.65628719329834 2208
38.687363147735596 2266
39.7073016166687 2325
40.73858046531677 2384
41.779881715774536 2439
42.82468867301941 2498
43.874088287353516 2562
44.918612003326416 2617
45.949023723602295 2676
46.97858905792236 2741
48.00272274017334 2803
49.02535271644592 2853
50.05311036109924 2912
51.090331077575684 2958
52.12981557846069 3015
53.187907457351685 3076
54.21769428253174 3124
55.24637818336487 3181
56.280943155288696 3234
57.32248783111572 3290
58.365431785583496 3345
59.400132179260254 3400
60.440633058547974 3441
61.50435924530029 3437
62.56845569610596 3438
63.62138056755066 3446
64.70182299613953 3425
65.79272890090942 3412
66.82748985290527 3410
67.88851428031921 3410
68.95355200767517 3407
70.01652312278748 3406
71.04757046699524 3406
72.09171271324158 3412
73.14671516418457 3421
74.1841208934784 3421
75.21610760688782 3422
76.25276708602905 3424
77.30000162124634 3429
78.33315968513489 3434
79.37259149551392 3443
80.41722011566162 3452
81.45396041870117 3461
82.48947858810425 3459
83.5321455001831 3460
84.56894445419312 3459
85.60294508934021 3466
86.6630322933197 3472
87.72714853286743 3468
88.76695203781128 3475
89.81026530265808 3481
90.85424256324768 3481
91.91123676300049 3490
92.94136261940002 3486
93.98089337348938 3488
95.03175330162048 3491
96.07398223876953 3501
97.11239790916443 3500
98.15407204627991 3506
99.21411347389221 3513
100.27778100967407 3516
101.33191347122192 3520
102.3782172203064 3531
103.42951154708862 3542
104.47858095169067 3545
105.51642680168152 3550
106.54734230041504 3555
107.58534216880798 3558
108.62803244590759 3573
109.67957663536072 3585
110.73491716384888 3592
111.78911519050598 3611
112.88516592979431 3605
113.93414998054504 3619
114.99482583999634 3627
116.04392647743225 3636
117.09598970413208 3637
118.17618560791016 3645
119.21656227111816 3651
120.26123046875 3662
121.38475561141968 3663
122.46258521080017 3667
123.52587604522705 3675
124.56964993476868 3696
125.61099410057068 3705
126.67196106910706 3714
127.71735715866089 3722
128.76702904701233 3726
129.82086634635925 3731
130.87405586242676 3735
131.9743733406067 3733
133.04077911376953 3727
134.0960545539856 3715
135.14177870750427 3700
136.1980700492859 3702
137.23992538452148 3704
138.27799487113953 3706
139.33236861228943 3704
140.39176893234253 3700
141.43701553344727 3695
142.50267267227173 3710
143.5461003780365 3718
144.59998774528503 3707
145.66920375823975 3700
146.7212963104248 3704
147.78048253059387 3706
148.82199788093567 3709
149.86640071868896 3709
150.9097023010254 3715
151.95921325683594 3725
153.00201320648193 3729
154.0437364578247 3734
155.09800219535828 3736
156.1587517261505 3737
157.236323595047 3739
158.44957828521729 3715
159.50470113754272 3701
160.55017638206482 3694
161.59193325042725 3691
162.64209413528442 3682
163.69803643226624 3669
164.73672318458557 3657
165.76790046691895 3646
166.8292374610901 3638
167.89302968978882 3626
168.94309329986572 3612
169.99196076393127 3615
171.0763804912567 3609
172.1521394252777 3596
173.19719743728638 3606
174.23871278762817 3602
175.28932285308838 3590
176.32767844200134 3589
177.37554097175598 3602
178.43363213539124 3611
179.5108561515808 3612
180.5697226524353 3614
181.60153222084045 3631
182.64122939109802 3633
183.69182419776917 3630
184.75782752037048 3630
185.80314373970032 3629
186.87882661819458 3634
187.91834235191345 3635
188.97099423408508 3636
190.00767993927002 3651
191.05760431289673 3651
192.09955668449402 3656
193.13916897773743 3662
194.18763732910156 3673
195.24784469604492 3685
196.29934930801392 3689
197.39462733268738 3684
198.45254588127136 3673
199.53168106079102 3667
200.60698437690735 3659
201.64308834075928 3656
202.6958019733429 3654
203.97022652626038 3654
205.022602558136 3647
206.10843515396118 3630
207.15954089164734 3627
208.20691967010498 3628
209.24714708328247 3626
210.29057431221008 3634
211.33933210372925 3634
212.38107228279114 3632
213.43063163757324 3626
214.47847151756287 3628
215.54784393310547 3630
216.58827090263367 3633
217.6561303138733 3628
218.731751203537 3656
219.78405451774597 3666
220.8396167755127 3665
221.87852931022644 3669
222.93477654457092 3675
223.98293328285217 3683
225.03645300865173 3697
226.07600569725037 3707
227.11899423599243 3717
228.1676595211029 3729
229.24003839492798 3733
230.28211855888367 3733
231.33442425727844 3744
232.3743541240692 3757
233.4722900390625 3759
234.57099962234497 3740
235.62720274925232 3748
236.67289900779724 3737
237.735778093338 3733
238.8195357322693 3722
239.87286114692688 3711
240.92322373390198 3703
241.967524766922 3706
243.02812266349792 3706
244.08313298225403 3708
245.14880681037903 3712
246.20776510238647 3712
247.25218081474304 3716
248.29757595062256 3708
249.35882258415222 3701
250.4104835987091 3695
251.44860315322876 3698
252.506361246109 3697
253.5691351890564 3694
254.62409567832947 3693
255.67052173614502 3691
256.72161531448364 3690
257.78661465644836 3676
258.83034348487854 3676
259.87062883377075 3680
260.91237616539 3687
261.96204900741577 3690
263.0166049003601 3687
264.0590012073517 3707
265.10919666290283 3714
266.15359568595886 3712
267.1949827671051 3713
268.2680380344391 3706
269.3715226650238 3686
270.4114611148834 3677
271.4671559333801 3673
272.57261538505554 3664
273.61372327804565 3648
274.6806004047394 3633
275.73217129707336 3624
276.79508209228516 3621
277.8472421169281 3621
278.8976902961731 3622
279.95074129104614 3620
281.0105254650116 3621
282.0575728416443 3620
283.09733843803406 3619
284.1450080871582 3619
285.2011477947235 3608
286.26203966140747 3609
287.31421279907227 3610
288.35247826576233 3612
289.4113461971283 3609
290.45304894447327 3613
291.4957540035248 3614
292.5561282634735 3615
293.61479687690735 3615
294.6571261882782 3637
295.6948735713959 3640
296.7589557170868 3623
297.80460000038147 3629
298.8433470726013 3638
299.9385504722595 3648
