0.004560232162475586 0
1.007608413696289 2
2.01237416267395 0
3.0141735076904297 0
4.016035079956055 1
5.0177271366119385 0
6.021983861923218 2
7.024000406265259 0
8.026911497116089 1
9.029013872146606 0
10.03076958656311 0
11.033602952957153 0
12.037224531173706 0
13.03988766670227 0
14.042750358581543 2
15.045335292816162 0
16.04750895500183 0
17.05014181137085 1
18.054232835769653 0
19.056929111480713 1
20.062439680099487 1
21.063110828399658 0
22.065674781799316 1
23.068315029144287 0
24.071584224700928 1
25.075026512145996 1
26.078258752822876 0
27.081170558929443 1
28.081904888153076 0
29.08374309539795 0
30.085511922836304 0
31.086998462677002 0
32.08850383758545 0
33.08950924873352 0
34.0898871421814 0
35.091795444488525 0
36.093942642211914 0
37.096449851989746 0
38.09916138648987 0
39.10010814666748 0
40.102357387542725 0
41.10373020172119 0
42.1058566570282 0
43.1079421043396 0
44.11405611038208 0
45.116522550582886 0
46.11844444274902 0
47.12122344970703 0
48.12165570259094 0
49.123635053634644 0
50.12495422363281 0
51.12658071517944 0
52.12799572944641 0
53.13043689727783 0
54.13204312324524 0
55.134209632873535 0
56.13639807701111 0
57.13775372505188 0
58.13965702056885 0
59.14069747924805 0
60.142706871032715 0
61.14539337158203 0
62.14811372756958 0
63.150532722473145 0
64.15166282653809 0
65.15365433692932 0
66.15510439872742 0
67.15592312812805 0
68.15808153152466 0
69.15950798988342 0
70.16127109527588 0
71.1629228591919 0
72.16498589515686 0
73.167405128479 0
74.16893029212952 0
75.16984820365906 0
76.17144918441772 0
77.17338109016418 0
78.17499375343323 0
79.1769483089447 0
80.17917513847351 0
81.18118977546692 0
82.18378520011902 0
83.18638825416565 0
84.18813920021057 0
85.19046926498413 0
86.1921877861023 0
87.19438982009888 0
88.19597816467285 0
89.19787096977234 0
90.19983530044556 0
91.20109009742737 0
92.20308566093445 0
93.20428824424744 0
94.20563340187073 0
95.20600938796997 0
96.2068932056427 0
97.2118444442749 0
98.21403121948242 0
99.21626710891724 0
100.21689248085022 0
101.21926021575928 0
102.22169971466064 0
103.2238404750824 0
104.22702741622925 0
105.2286286354065 0
106.2293848991394 0
107.2321527004242 0
108.23337292671204 0
109.23506498336792 0
110.23713064193726 0
111.23762083053589 0
112.23997402191162 0
113.24162101745605 0
114.24341654777527 0
115.24537110328674 0
116.24732637405396 0
117.25122714042664 0
118.25294589996338 0
119.25519728660583 0
120.26026153564453 0
121.26255011558533 0
122.26752924919128 0
123.2693727016449 0
124.27239799499512 0
125.27564978599548 0
126.27789211273193 0
127.27973508834839 0
128.28184986114502 0
129.28235387802124 0
130.28325176239014 0
131.2849199771881 0
132.2863380908966 0
133.2952525615692 0
134.2999255657196 0
135.30154991149902 0
136.30528569221497 0
137.30691623687744 0
138.31237983703613 0
139.3155267238617 0
140.32034397125244 0
141.32371306419373 0
142.32759189605713 0
143.32842779159546 0
144.33431601524353 0
145.33584666252136 0
146.33840012550354 0
147.34235525131226 0
148.3472318649292 0
149.34955716133118 0
150.3540849685669 0
151.35650491714478 0
152.35796904563904 0
153.36057782173157 0
154.3666534423828 0
155.37433743476868 0
156.37679648399353 0
157.38207268714905 0
158.38893485069275 0
159.39021944999695 0
160.393164396286 0
161.39807987213135 0
162.403226852417 0
163.40889883041382 0
164.41122388839722 0
165.41555976867676 0
166.41787433624268 0
167.42041301727295 0
168.42458748817444 0
169.42885518074036 0
170.43051648139954 0
171.43249773979187 0
172.43452715873718 0
173.43572354316711 0
174.43889999389648 0
175.4404637813568 0
176.44127655029297 0
177.44203758239746 0
178.4425663948059 0
179.443998336792 0
180.44909739494324 1
181.4506311416626 0
182.45176815986633 0
183.45301151275635 0
184.45610642433167 0
185.45704293251038 0
186.46055817604065 0
187.46148777008057 0
188.46582198143005 0
189.46914505958557 0
190.4704294204712 0
191.47397899627686 0
192.47693276405334 1
193.4786570072174 2
194.48415684700012 2
195.48694849014282 0
196.489173412323 0
197.49083399772644 0
198.49116683006287 0
199.49354457855225 1
200.4998037815094 0
201.50176525115967 1
202.50367856025696 0
203.50551676750183 0
204.50934553146362 1
205.5116491317749 0
206.51731729507446 1
207.51910948753357 0
208.5195813179016 0
209.52043199539185 0
210.52256655693054 1
211.52356481552124 1
212.54829287528992 1
213.55378341674805 1
214.5550127029419 0
215.55580401420593 0
216.55985474586487 0
217.56491827964783 1
218.5678322315216 0
219.570659160614 1
220.57362961769104 0
221.57990622520447 0
222.58133172988892 0
223.5831959247589 0
224.5845627784729 0
225.58589553833008 0
226.5874364376068 0
227.58899760246277 0
228.5912365913391 0
229.59378695487976 0
230.59570217132568 0
231.59860348701477 0
232.60008335113525 0
233.60167360305786 0
234.60321283340454 0
235.60480260849 0
236.6076877117157 0
237.60973191261292 0
238.61127352714539 0
239.61351823806763 0
240.61450815200806 0
241.61587953567505 0
242.61808443069458 0
243.619779586792 0
244.62089848518372 0
245.62230730056763 0
246.62361478805542 0
247.6262698173523 0
248.62840819358826 0
249.62995958328247 0
250.63148522377014 0
251.63324880599976 0
252.63389325141907 0
253.63439440727234 0
254.63591027259827 0
255.63792657852173 0
256.63963437080383 0
257.641108751297 0
258.6435103416443 0
259.6458020210266 0
260.6481237411499 0
261.6495122909546 0
262.65049147605896 0
263.65243887901306 0
264.65583324432373 0
265.65805983543396 0
266.6604526042938 0
267.66241216659546 0
268.6629993915558 0
269.66449093818665 0
270.6649749279022 0
271.667334318161 0
272.66964650154114 0
273.67120337486267 0
274.67338347435 0
275.6754004955292 0
276.677782535553 0
277.67950415611267 0
278.6817331314087 0
279.6841037273407 0
280.6853370666504 0
281.687716960907 0
282.690486907959 0
283.69293785095215 0
284.69476413726807 0
285.69705629348755 0
286.7049355506897 0
287.7090890407562 0
288.7152683734894 0
289.7196207046509 0
290.7229926586151 0
291.72537541389465 0
292.72960114479065 0
293.7315592765808 0
294.7356107234955 0
295.73733353614807 0
296.7390546798706 0
297.74061155319214 0
298.74215269088745 0
299.7442865371704 0
