0.0043926239013671875 0
1.0079631805419922 1
2.0108232498168945 0
3.0115299224853516 0
4.0132317543029785 1
5.014725208282471 0
6.025099515914917 2
7.028083801269531 1
8.030268669128418 1
9.03104567527771 1
10.032510995864868 0
11.033926725387573 0
12.035107612609863 0
13.03618335723877 0
14.036975383758545 0
15.038808822631836 0
16.040601015090942 0
17.04201889038086 0
18.04354238510132 0
19.04551410675049 0
20.047351121902466 0
21.049460887908936 0
22.050002098083496 0
23.052489280700684 0
24.05384659767151 0
25.05608367919922 0
26.057214975357056 0
27.05828070640564 0
28.05989646911621 0
29.061848878860474 0
30.063636302947998 0
31.065454483032227 0
32.067073822021484 0
33.06801891326904 0
34.06923270225525 0
35.070923805236816 0
36.07236981391907 0
37.07366919517517 0
38.0750949382782 0
39.07657217979431 0
40.07798361778259 0
41.079253911972046 0
42.08106231689453 0
43.082396030426025 0
44.084505558013916 0
45.08582544326782 0
46.08708477020264 0
47.0880012512207 0
48.089921712875366 0
49.0921516418457 0
50.09400725364685 0
51.0950767993927 0
52.0962872505188 0
53.09876561164856 0
54.10015559196472 0
55.10186767578125 0
56.10341429710388 0
57.105321645736694 0
58.10714769363403 0
59.10843515396118 0
60.10934114456177 0
61.11087393760681 0
62.11229157447815 0
63.11383008956909 0
64.11546230316162 0
65.11678433418274 0
66.11843371391296 0
67.12179470062256 0
68.12486481666565 0
69.12766981124878 0
70.12976598739624 0
71.13236546516418 0
72.13411951065063 0
73.13762664794922 0
74.1389696598053 0
75.14032888412476 0
76.14182162284851 0
77.1436972618103 0
78.14574527740479 0
79.14650964736938 0
80.14817762374878 0
81.14933753013611 0
82.1504340171814 0
83.15167021751404 0
84.15330219268799 0
85.15432214736938 0
86.15741682052612 0
87.15910720825195 0
88.161461353302 0
89.16312646865845 0
90.16739392280579 0
91.17082691192627 0
92.17374658584595 0
93.17610383033752 0
94.17916059494019 0
95.18100333213806 0
96.18284559249878 0
97.18686151504517 0
98.1878092288971 0
99.18926620483398 0
100.19074392318726 0
101.19209432601929 0
102.19421529769897 0
103.19594478607178 0
104.19762229919434 0
105.19972109794617 0
106.20266556739807 0
107.20384287834167 0
108.20478320121765 0
109.20814251899719 0
110.21022987365723 0
111.21156716346741 0
112.21463513374329 0
113.21539950370789 0
114.21671175956726 0
115.2186233997345 0
116.22034764289856 0
117.22105240821838 0
118.22522640228271 0
119.22684359550476 0
120.22824835777283 0
121.23036313056946 0
122.23332691192627 0
123.23582720756531 0
124.23845958709717 0
125.24068689346313 0
126.2426598072052 0
127.24549722671509 0
128.24930357933044 0
129.2514569759369 0
130.2552227973938 0
131.25662183761597 0
132.25752234458923 0
133.26179885864258 0
134.26544284820557 0
135.26681184768677 0
136.26803874969482 0
137.2706093788147 0
138.2725203037262 0
139.27598571777344 0
140.2791748046875 0
141.28181648254395 0
142.28445100784302 0
143.28598523139954 0
144.28928303718567 0
145.290376663208 0
146.29214596748352 0
147.29634499549866 0
148.29824137687683 0
149.29992485046387 0
150.30218052864075 0
151.3051769733429 3
152.30784702301025 2
153.3106381893158 0
154.31302785873413 0
155.31570196151733 0
156.31770968437195 0
157.31929206848145 0
158.32156538963318 0
159.3250551223755 0
160.3269398212433 0
161.33059215545654 0
162.33205914497375 0
163.33521676063538 0
164.33641076087952 0
165.3375895023346 0
166.33895993232727 0
167.3409562110901 0
168.34493780136108 0
169.3462986946106 0
170.34768414497375 0
171.35011076927185 0
172.3509120941162 0
173.35228371620178 1
174.35537004470825 0
175.35755228996277 0
176.35888814926147 0
177.36128997802734 0
178.36310052871704 0
179.36535263061523 0
180.3690857887268 0
181.3720211982727 0
182.37495827674866 1
183.37618589401245 0
184.37762904167175 0
185.3791697025299 2
186.38054084777832 1
187.3820252418518 0
188.3841438293457 1
189.38607096672058 0
190.38732981681824 1
191.38897109031677 1
192.3934223651886 1
193.39531254768372 0
194.40113997459412 1
195.4066059589386 1
196.4079668521881 0
197.4146111011505 1
198.4161365032196 0
199.4175567626953 0
200.4257287979126 1
201.42749166488647 0
202.4281575679779 0
203.43041706085205 0
204.4313998222351 0
205.432523727417 0
206.43441605567932 0
207.4347550868988 0
208.43639945983887 0
209.43767070770264 0
210.4385471343994 0
211.43986678123474 0
212.4409248828888 0
213.4422197341919 0
214.4439196586609 0
215.44467163085938 0
216.4468812942505 0
217.44876766204834 0
218.45023274421692 0
219.45162296295166 0
220.45350170135498 0
221.45478868484497 0
222.4556450843811 0
223.45756435394287 0
224.45775699615479 0
225.45902609825134 0
226.46039390563965 0
227.46192908287048 0
228.4634473323822 0
229.4653284549713 0
230.46692967414856 0
231.46856570243835 0
232.47024250030518 0
233.4717755317688 0
234.47317719459534 0
235.47410941123962 0
236.47587084770203 0
237.4775059223175 0
238.47908353805542 0
239.48038172721863 0
240.48310542106628 0
241.4835548400879 0
242.48470664024353 0
243.48610520362854 0
244.49166321754456 0
245.49288654327393 0
246.4942750930786 0
247.49734258651733 0
248.49901866912842 0
249.50078535079956 0
250.50274085998535 0
251.50354647636414 0
252.5055286884308 0
253.5063738822937 0
254.50837898254395 0
255.51065254211426 0
256.51223039627075 0
257.5137324333191 0
258.51534509658813 0
259.51562118530273 0
260.51817631721497 0
261.52013301849365 0
262.52046251296997 0
263.52205181121826 0
264.5254375934601 0
265.52940249443054 0
266.5306067466736 0
267.53264594078064 0
268.53472805023193 0
269.5362071990967 0
270.5383212566376 0
271.539847612381 0
272.5417830944061 0
273.54371213912964 0
274.54528546333313 0
275.54740047454834 0
276.54894042015076 0
277.55144929885864 0
278.55172753334045 0
279.55724239349365 0
280.5581018924713 0
281.56174182891846 0
282.56315660476685 0
283.56393218040466 0
284.56575560569763 0
285.5697982311249 0
286.57206559181213 0
287.5746383666992 0
288.57496213912964 0
289.5765154361725 0
290.5784184932709 0
291.5787763595581 0
292.5808560848236 0
293.5828425884247 0
294.58687710762024 0
295.5895893573761 0
296.5941662788391 0
297.5962953567505 0
298.5995280742645 0
299.60164642333984 0
